$$$$$$$$$$$$$$$$$$$$$$$$$$$$$$$$$$$$$$$$$$$$$$$$$$$$$$$$$$$$$$$$$$$$$$$$$$$$$$$$$$$$$$$$$$$$$$$$$$$$$$$$$$$$$$$$$$$$$$$$$$$$$$$$$$$$$$$$$$$$$$$$$$$$$$$$$$$$$$$$$$$

								GENERATION OF RANDOM ELLIPSOIDS

$$$$$$$$$$$$$$$$$$$$$$$$$$$$$$$$$$$$$$$$$$$$$$$$$$$$$$$$$$$$$$$$$$$$$$$$$$$$$$$$$$$$$$$$$$$$$$$$$$$$$$$$$$$$$$$$$$$$$$$$$$$$$$$$$$$$$$$$$$$$$$$$$$$$$$$$$$$$$$$$$$$


$$$ USER INPUTS $$$

NUMBER OF ELLIPSOIDS: 100
ASPECT RATIO a1/a2: 1.000
ASPECT RATIO a1/a3: 2.000
DESIRED VOLUME FRACTION: 0.4000


$$$ OUTPUT OF THE PROGRAM $$$

TIME SIMULATION (s): 389.23
REACHED VOLUME FRACTION: 0.4000


$$$ ELLIPSOIDS INFORMATIONS $$$

ID		RADIUS				POSITION			QUATERNIONS					     PARTNER

1	0.124	0.124	0.062		0.8069	0.7901	0.2283		-0.683	0.4190	0.4280	0.4183		
2	0.124	0.124	0.062		0.7033	0.7344	0.4264		-0.789	0.3796	0.3445	0.3380		
3	0.124	0.124	0.062		0.9691	0.7172	0.7797		0.6170	0.4653	0.4537	0.4439		111	
4	0.124	0.124	0.062		0.3565	0.3344	0.1903		-0.656	0.4332	0.4386	0.4349		
5	0.124	0.124	0.062		0.2176	0.5983	0.9408		-0.709	0.4028	0.4099	0.4093		151	
6	0.124	0.124	0.062		0.5944	0.2271	0.4043		-0.751	0.3778	0.3734	0.3915		
7	0.124	0.124	0.062		0.6381	0.5744	0.1262		0.5056	0.5032	0.4915	0.4995		
8	0.124	0.124	0.062		0.0352	0.0492	0.6428		-0.381	0.5280	0.5353	0.5383		175	176	177	
9	0.124	0.124	0.062		0.1637	0.9021	0.7418		-0.668	0.4315	0.4308	0.4263		
10	0.124	0.124	0.062		0.5360	0.7079	0.6041		-0.380	0.5313	0.5404	0.5304		
11	0.124	0.124	0.062		0.8689	0.4452	0.2022		-0.288	0.5441	0.5184	0.5937		
12	0.124	0.124	0.062		0.0586	0.6014	0.4266		-0.729	0.3882	0.4023	0.3946		159	
13	0.124	0.124	0.062		0.2572	1.0444	0.5970		0.8239	0.4143	0.2698	0.2771		128	
14	0.124	0.124	0.062		0.7391	0.6072	0.7356		-0.562	0.4826	0.4748	0.4754		
15	0.124	0.124	0.062		0.3251	0.9872	0.8510		-0.788	0.3616	0.3431	0.3615		115	
16	0.124	0.124	0.062		0.2272	0.0822	1.0092		-0.781	0.3637	0.3511	0.3664		170	171	172	
17	0.124	0.124	0.062		0.6232	0.5893	0.5116		-0.508	0.4900	0.4958	0.5063		
18	0.124	0.124	0.062		0.9513	0.0229	0.4199		0.9133	0.2467	0.2339	0.2243		160	161	162	
19	0.124	0.124	0.062		0.7923	0.9085	0.5980		-0.669	0.4294	0.4388	0.4189		
20	0.124	0.124	0.062		1.0158	0.2890	0.1620		0.4659	0.5046	0.5172	0.5107		116	
21	0.124	0.124	0.062		0.6464	0.7817	0.0325		-0.781	0.3555	0.3664	0.3588		119	
22	0.124	0.124	0.062		0.4532	0.0213	0.6376		-0.597	0.4563	0.4674	0.4657		142	
23	0.124	0.124	0.062		0.2458	0.3909	0.9834		-0.331	0.5419	0.5418	0.5506		129	
24	0.124	0.124	0.062		0.0533	0.4946	0.7212		-0.141	0.5671	0.5672	0.5803		145	
25	0.124	0.124	0.062		0.8003	0.0665	0.2867		-0.631	0.4607	0.4343	0.4479		186	
26	0.124	0.124	0.062		0.9940	0.8891	0.5500		-0.733	0.3925	0.3980	0.3880		132	
27	0.124	0.124	0.062		0.3310	0.1845	0.3736		-0.104	0.5729	0.5728	0.5770		
28	0.124	0.124	0.062		0.3900	0.8796	0.7775		-0.646	0.4417	0.4309	0.4495		
29	0.124	0.124	0.062		0.6625	0.2952	0.1157		0.0677	0.5451	0.5744	0.6069		184	
30	0.124	0.124	0.062		0.6342	0.1138	0.1068		-0.770	0.3905	0.3579	0.3553		182	
31	0.124	0.124	0.062		0.1261	0.3792	0.1265		0.0757	0.5779	0.5727	0.5765		
32	0.124	0.124	0.062		0.8312	0.3273	0.3644		0.8655	0.3144	0.2721	0.2795		
33	0.124	0.124	0.062		0.8075	0.6403	0.0265		-0.582	0.4727	0.4628	0.4726		125	
34	0.124	0.124	0.062		0.8350	0.1666	0.4341		-0.512	0.4669	0.5338	0.4846		
35	0.124	0.124	0.062		-0.009	0.4351	0.9231		-0.810	0.3347	0.3420	0.3387		146	147	148	
36	0.124	0.124	0.062		0.1480	0.7374	0.8603		-0.799	0.3522	0.3423	0.3467		
37	0.124	0.124	0.062		0.8815	0.3784	0.7722		-0.799	0.3690	0.3295	0.3409		102	
38	0.124	0.124	0.062		0.7121	0.8911	0.3850		-0.775	0.3771	0.3696	0.3483		
39	0.124	0.124	0.062		0.8365	0.6112	0.4056		-0.689	0.3951	0.4985	0.3480		
40	0.124	0.124	0.062		0.3965	0.3365	0.7282		-0.666	0.4358	0.4316	0.4250		
41	0.124	0.124	0.062		0.4886	0.8043	0.4513		-0.425	0.5232	0.5300	0.5149		
42	0.124	0.124	0.062		0.4425	0.4884	0.3674		-0.341	0.5494	0.5354	0.5434		
43	0.124	0.124	0.062		0.8851	-0.049	0.2187		-0.557	0.4798	0.4708	0.4878		179	180	181	
44	0.124	0.124	0.062		0.4253	0.0537	-0.000		-0.770	0.3915	0.3855	0.3237		134	135	136	
45	0.124	0.124	0.062		0.6566	0.4134	0.2843		-0.631	0.4428	0.4426	0.4589		
46	0.124	0.124	0.062		0.6708	0.9006	0.1215		-0.537	0.4847	0.4786	0.4977		185	
47	0.124	0.124	0.062		0.5941	0.2594	0.7932		-0.825	0.3202	0.3340	0.3239		
48	0.124	0.124	0.062		0.1617	0.3281	0.7794		-0.571	0.4685	0.4771	0.4762		
49	0.124	0.124	0.062		0.6344	0.4063	0.4893		0.9581	0.1592	0.1836	0.1518		
50	0.124	0.124	0.062		0.8307	0.3311	0.0510		-0.462	0.5045	0.4751	0.5536		168	
51	0.124	0.124	0.062		0.9443	0.2664	0.7207		-0.596	0.4639	0.4460	0.4809		133	
52	0.124	0.124	0.062		1.0719	0.3762	0.5207		-0.447	0.5592	0.4246	0.5543		120	
53	0.124	0.124	0.062		0.6342	0.1716	0.6204		0.7399	0.3971	0.3856	0.3823		
54	0.124	0.124	0.062		1.0065	0.2136	0.3775		0.1027	0.5800	0.5796	0.5632		105	
55	0.124	0.124	0.062		0.0776	0.8935	0.3514		-0.707	0.4018	0.4017	0.4209		163	
56	0.124	0.124	0.062		0.3662	0.8989	0.0984		-0.655	0.4361	0.4421	0.4307		126	
57	0.124	0.124	0.062		0.0894	0.8123	0.1749		-0.625	0.4527	0.4524	0.4474		169	
58	0.124	0.124	0.062		0.5376	-0.045	0.2405		-0.728	0.4073	0.3915	0.3880		114	
59	0.124	0.124	0.062		0.1816	0.2297	-0.000		-0.756	0.3743	0.3764	0.3823		130	
60	0.124	0.124	0.062		0.3268	0.2030	0.8455		-0.447	0.5046	0.4169	0.6095		
61	0.124	0.124	0.062		0.0895	0.5559	0.1566		-0.319	0.5579	0.5380	0.5453		174	
62	0.124	0.124	0.062		0.3231	0.5027	0.1340		-0.047	0.5732	0.5721	0.5847		
63	0.124	0.124	0.062		0.2029	0.6854	0.2590		-0.797	0.3315	0.3554	0.3582		
64	0.124	0.124	0.062		0.2257	0.6167	0.7038		-0.612	0.4582	0.4579	0.4538		
65	0.124	0.124	0.062		0.7118	0.7525	0.8197		-0.764	0.3648	0.3552	0.3957		
66	0.124	0.124	0.062		0.5131	0.6642	0.2844		-0.735	0.3970	0.3879	0.3898		
67	0.124	0.124	0.062		0.8557	0.1457	0.6796		-0.530	0.4960	0.4830	0.4901		
68	0.124	0.124	0.062		0.1596	0.1687	0.3028		0.6202	0.4460	0.4569	0.4557		
69	0.124	0.124	0.062		0.5654	0.8690	0.6678		-0.726	0.4019	0.3922	0.3969		
70	0.124	0.124	0.062		0.1571	0.7820	0.6219		-0.422	0.5527	0.5218	0.4942		
71	0.124	0.124	0.062		0.7080	0.5069	-0.088		-0.547	0.4836	0.4876	0.4781		110	
72	0.124	0.124	0.062		0.7595	0.0405	0.5838		-0.592	0.4827	0.4360	0.4756		173	
73	0.124	0.124	0.062		0.4827	0.2745	0.9573		0.3738	0.5484	0.5222	0.5356		143	
74	0.124	0.124	0.062		0.4318	0.5620	0.7704		-0.800	0.3407	0.3505	0.3487		
75	0.124	0.124	0.062		0.5114	0.8095	0.8959		0.8507	0.3054	0.2981	0.3069		
76	0.124	0.124	0.062		0.8073	0.7525	0.6123		-0.782	0.3652	0.3510	0.3625		
77	0.124	0.124	0.062		0.6440	0.4164	0.6286		0.9972	0.0400	0.0440	0.0443		
78	0.124	0.124	0.062		0.3288	0.0869	0.2014		-0.803	0.3507	0.3370	0.3454		183	
79	0.124	0.124	0.062		0.2265	0.5383	0.4916		0.8232	0.3337	0.3175	0.3319		
80	0.124	0.124	0.062		0.0555	0.4543	0.3374		-0.169	0.5697	0.5648	0.5725		117	
81	0.124	0.124	0.062		0.4394	0.5896	0.0994		-0.344	0.5470	0.5398	0.5395		141	
82	0.124	0.124	0.062		0.5834	-0.018	0.4578		-0.502	0.5216	0.4562	0.5178		113	
83	0.124	0.124	0.062		0.2066	0.2098	0.5411		-0.233	0.5633	0.5593	0.5616		
84	0.124	0.124	0.062		0.2987	0.4626	0.6595		-0.644	0.4451	0.4584	0.4201		
85	0.124	0.124	0.062		0.8409	0.8388	-0.015		0.4163	0.5300	0.5240	0.5207		112	
86	0.124	0.124	0.062		0.4836	0.2135	0.1921		-0.353	0.5339	0.5428	0.5440		
87	0.124	0.124	0.062		0.0112	0.8717	0.9524		-0.273	0.5504	0.5564	0.5594		164	165	166	
88	0.124	0.124	0.062		0.0550	0.7478	0.3916		-0.398	0.5280	0.5238	0.5373		167	
89	0.124	0.124	0.062		0.1736	0.1218	0.7856		-0.719	0.4110	0.2765	0.4881		
90	0.124	0.124	0.062		0.6742	0.0895	0.8122		-0.499	0.5081	0.4987	0.4946		
91	0.124	0.124	0.062		0.4683	0.7914	0.1356		-0.622	0.4471	0.4554	0.4536		
92	0.124	0.124	0.062		0.6940	0.9579	0.8135		-0.634	0.4545	0.4425	0.4423		149	
93	0.124	0.124	0.062		0.1875	0.8845	0.9900		0.3292	0.5352	0.5376	0.5623		107	108	109	
94	0.124	0.124	0.062		0.3971	0.3331	0.5245		-0.809	0.3422	0.3393	0.3377		
95	0.124	0.124	0.062		0.4531	0.1910	0.5871		-0.704	0.4115	0.4137	0.4046		
96	0.124	0.124	0.062		0.2587	0.3652	0.3308		-0.811	0.3430	0.3307	0.3384		
97	0.124	0.124	0.062		0.2605	0.8320	0.3771		-0.650	0.5034	0.4432	0.3574		
98	0.124	0.124	0.062		1.0197	0.0617	-0.029		0.8641	0.2957	0.2892	0.2869		152	153	154	155	156	157	158	
99	0.124	0.124	0.062		0.8633	0.3920	0.5407		0.7864	0.1822	0.5070	0.3021		
100	0.124	0.124	0.062		0.0138	0.6396	0.5882		-0.733	0.3892	0.3994	0.3901		121	
102	0.124	0.124	0.062		-0.118	0.3784	0.7722		-0.799	0.3690	0.3295	0.3409		37	
105	0.124	0.124	0.062		0.0065	0.2136	0.3775		0.1027	0.5800	0.5796	0.5632		54	
107	0.124	0.124	0.062		0.1875	-0.116	-0.010		0.3292	0.5352	0.5376	0.5623		93	108	109	
108	0.124	0.124	0.062		0.1875	-0.116	0.9900		0.3292	0.5352	0.5376	0.5623		93	107	109	
109	0.124	0.124	0.062		0.1875	0.8845	-0.010		0.3292	0.5352	0.5376	0.5623		93	107	108	
110	0.124	0.124	0.062		0.7080	0.5069	0.9124		-0.547	0.4836	0.4876	0.4781		71	
111	0.124	0.124	0.062		-0.031	0.7172	0.7797		0.6170	0.4653	0.4537	0.4439		3	
112	0.124	0.124	0.062		0.8409	0.8388	0.9846		0.4163	0.5300	0.5240	0.5207		85	
113	0.124	0.124	0.062		0.5834	0.9815	0.4578		-0.502	0.5216	0.4562	0.5178		82	
114	0.124	0.124	0.062		0.5376	0.9551	0.2405		-0.728	0.4073	0.3915	0.3880		58	
115	0.124	0.124	0.062		0.3251	-0.013	0.8510		-0.788	0.3616	0.3431	0.3615		15	
116	0.124	0.124	0.062		0.0158	0.2890	0.1620		0.4659	0.5046	0.5172	0.5107		20	
117	0.124	0.124	0.062		1.0555	0.4543	0.3374		-0.169	0.5697	0.5648	0.5725		80	
119	0.124	0.124	0.062		0.6464	0.7817	1.0325		-0.781	0.3555	0.3664	0.3588		21	
120	0.124	0.124	0.062		0.0719	0.3762	0.5207		-0.447	0.5592	0.4246	0.5543		52	
121	0.124	0.124	0.062		1.0138	0.6396	0.5882		-0.733	0.3892	0.3994	0.3901		100	
125	0.124	0.124	0.062		0.8075	0.6403	1.0265		-0.582	0.4727	0.4628	0.4726		33	
126	0.124	0.124	0.062		0.3662	0.8989	1.0984		-0.655	0.4361	0.4421	0.4307		56	
128	0.124	0.124	0.062		0.2572	0.0444	0.5970		0.8239	0.4143	0.2698	0.2771		13	
129	0.124	0.124	0.062		0.2458	0.3909	-0.017		-0.331	0.5419	0.5418	0.5506		23	
130	0.124	0.124	0.062		0.1816	0.2297	0.9995		-0.756	0.3743	0.3764	0.3823		59	
132	0.124	0.124	0.062		-0.006	0.8891	0.5500		-0.733	0.3925	0.3980	0.3880		26	
133	0.124	0.124	0.062		-0.056	0.2664	0.7207		-0.596	0.4639	0.4460	0.4809		51	
134	0.124	0.124	0.062		0.4253	0.0537	1.0000		-0.770	0.3915	0.3855	0.3237		44	135	136	
135	0.124	0.124	0.062		0.4253	1.0537	-0.000		-0.770	0.3915	0.3855	0.3237		44	134	136	
136	0.124	0.124	0.062		0.4253	1.0537	1.0000		-0.770	0.3915	0.3855	0.3237		44	134	135	
141	0.124	0.124	0.062		0.4394	0.5896	1.0994		-0.344	0.5470	0.5398	0.5395		81	
142	0.124	0.124	0.062		0.4532	1.0213	0.6376		-0.597	0.4563	0.4674	0.4657		22	
143	0.124	0.124	0.062		0.4827	0.2745	-0.043		0.3738	0.5484	0.5222	0.5356		73	
145	0.124	0.124	0.062		1.0533	0.4946	0.7212		-0.141	0.5671	0.5672	0.5803		24	
146	0.124	0.124	0.062		-0.009	0.4351	-0.077		-0.810	0.3347	0.3420	0.3387		35	147	148	
147	0.124	0.124	0.062		0.9912	0.4351	-0.077		-0.810	0.3347	0.3420	0.3387		35	146	148	
148	0.124	0.124	0.062		0.9912	0.4351	0.9231		-0.810	0.3347	0.3420	0.3387		35	146	147	
149	0.124	0.124	0.062		0.6940	-0.042	0.8135		-0.634	0.4545	0.4425	0.4423		92	
151	0.124	0.124	0.062		0.2176	0.5983	-0.059		-0.709	0.4028	0.4099	0.4093		5	
152	0.124	0.124	0.062		0.0197	0.0617	-0.029		0.8641	0.2957	0.2892	0.2869		98	153	154	155	156	157	158	
153	0.124	0.124	0.062		0.0197	0.0617	0.9709		0.8641	0.2957	0.2892	0.2869		98	152	154	155	156	157	158	
154	0.124	0.124	0.062		0.0197	1.0617	-0.029		0.8641	0.2957	0.2892	0.2869		98	152	153	155	156	157	158	
155	0.124	0.124	0.062		0.0197	1.0617	0.9709		0.8641	0.2957	0.2892	0.2869		98	152	153	154	156	157	158	
156	0.124	0.124	0.062		1.0197	0.0617	0.9709		0.8641	0.2957	0.2892	0.2869		98	152	153	154	155	157	158	
157	0.124	0.124	0.062		1.0197	1.0617	-0.029		0.8641	0.2957	0.2892	0.2869		98	152	153	154	155	156	158	
158	0.124	0.124	0.062		1.0197	1.0617	0.9709		0.8641	0.2957	0.2892	0.2869		98	152	153	154	155	156	157	
159	0.124	0.124	0.062		1.0586	0.6014	0.4266		-0.729	0.3882	0.4023	0.3946		12	
160	0.124	0.124	0.062		-0.049	0.0229	0.4199		0.9133	0.2467	0.2339	0.2243		18	161	162	
161	0.124	0.124	0.062		-0.049	1.0229	0.4199		0.9133	0.2467	0.2339	0.2243		18	160	162	
162	0.124	0.124	0.062		0.9513	1.0229	0.4199		0.9133	0.2467	0.2339	0.2243		18	160	161	
163	0.124	0.124	0.062		1.0776	0.8935	0.3514		-0.707	0.4018	0.4017	0.4209		55	
164	0.124	0.124	0.062		0.0112	0.8717	-0.048		-0.273	0.5504	0.5564	0.5594		87	165	166	
165	0.124	0.124	0.062		1.0112	0.8717	-0.048		-0.273	0.5504	0.5564	0.5594		87	164	166	
166	0.124	0.124	0.062		1.0112	0.8717	0.9524		-0.273	0.5504	0.5564	0.5594		87	164	165	
167	0.124	0.124	0.062		1.0550	0.7478	0.3916		-0.398	0.5280	0.5238	0.5373		88	
168	0.124	0.124	0.062		0.8307	0.3311	1.0510		-0.462	0.5045	0.4751	0.5536		50	
169	0.124	0.124	0.062		1.0894	0.8123	0.1749		-0.625	0.4527	0.4524	0.4474		57	
170	0.124	0.124	0.062		0.2272	0.0822	0.0092		-0.781	0.3637	0.3511	0.3664		16	171	172	
171	0.124	0.124	0.062		0.2272	1.0822	0.0092		-0.781	0.3637	0.3511	0.3664		16	170	172	
172	0.124	0.124	0.062		0.2272	1.0822	1.0092		-0.781	0.3637	0.3511	0.3664		16	170	171	
173	0.124	0.124	0.062		0.7595	1.0405	0.5838		-0.592	0.4827	0.4360	0.4756		72	
174	0.124	0.124	0.062		1.0895	0.5559	0.1566		-0.319	0.5579	0.5380	0.5453		61	
175	0.124	0.124	0.062		0.0352	1.0492	0.6428		-0.381	0.5280	0.5353	0.5383		8	176	177	
176	0.124	0.124	0.062		1.0352	0.0492	0.6428		-0.381	0.5280	0.5353	0.5383		8	175	177	
177	0.124	0.124	0.062		1.0352	1.0492	0.6428		-0.381	0.5280	0.5353	0.5383		8	175	176	
179	0.124	0.124	0.062		-0.115	-0.049	0.2187		-0.557	0.4798	0.4708	0.4878		43	180	181	
180	0.124	0.124	0.062		-0.115	0.9506	0.2187		-0.557	0.4798	0.4708	0.4878		43	179	181	
181	0.124	0.124	0.062		0.8851	0.9506	0.2187		-0.557	0.4798	0.4708	0.4878		43	179	180	
182	0.124	0.124	0.062		0.6342	0.1138	1.1068		-0.770	0.3905	0.3579	0.3553		30	
183	0.124	0.124	0.062		0.3288	1.0869	0.2014		-0.803	0.3507	0.3370	0.3454		78	
184	0.124	0.124	0.062		0.6625	0.2952	1.1157		0.0677	0.5451	0.5744	0.6069		29	
185	0.124	0.124	0.062		0.6708	0.9006	1.1215		-0.537	0.4847	0.4786	0.4977		46	
186	0.124	0.124	0.062		0.8003	1.0665	0.2867		-0.631	0.4607	0.4343	0.4479		25	


$$$$$$$$$$$$$$$$$$$$$$$$$$$$$$$$$$$$$$$$$$$$$$$$$$$$$$$$$$$$$$$$$$$$$$$$$$$$$$$$$$$$$$$$$$$$$$$$$$$$$$$$$$$$$$$$$$$$$$$$$$$$$$$$$$$$$$$$$$$$$$$$$$$$$$$$$$$$$$$$$$$

									END OF PROGRAM

$$$$$$$$$$$$$$$$$$$$$$$$$$$$$$$$$$$$$$$$$$$$$$$$$$$$$$$$$$$$$$$$$$$$$$$$$$$$$$$$$$$$$$$$$$$$$$$$$$$$$$$$$$$$$$$$$$$$$$$$$$$$$$$$$$$$$$$$$$$$$$$$$$$$$$$$$$$$$$$$$$$


