24
  -9.4000000e+00  -5.0000000e-01  -3.6716049e+00
  -9.4000000e+00  -5.0000000e-01   3.6716049e+00
  -9.4000000e+00   5.0000000e-01  -3.6716049e+00
  -9.4000000e+00   5.0000000e-01   3.6716049e+00
  -4.6718129e+00  -5.0000000e-01  -1.2174559e+01
  -4.6718129e+00  -5.0000000e-01   1.2174559e+01
  -4.6718129e+00   5.0000000e-01  -1.2174559e+01
  -4.6718129e+00   5.0000000e-01   1.2174559e+01
  -3.6069652e-01  -5.0000000e-01  -1.8000000e+01
  -3.6069652e-01  -5.0000000e-01   1.8000000e+01
  -3.6069652e-01   5.0000000e-01  -1.8000000e+01
  -3.6069652e-01   5.0000000e-01   1.8000000e+01
   3.6069652e-01  -5.0000000e-01  -1.8000000e+01
   3.6069652e-01  -5.0000000e-01   1.8000000e+01
   3.6069652e-01   5.0000000e-01  -1.8000000e+01
   3.6069652e-01   5.0000000e-01   1.8000000e+01
   4.6718129e+00  -5.0000000e-01  -1.2174559e+01
   4.6718129e+00  -5.0000000e-01   1.2174559e+01
   4.6718129e+00   5.0000000e-01  -1.2174559e+01
   4.6718129e+00   5.0000000e-01   1.2174559e+01
   9.4000000e+00  -5.0000000e-01  -3.6716049e+00
   9.4000000e+00  -5.0000000e-01   3.6716049e+00
   9.4000000e+00   5.0000000e-01  -3.6716049e+00
   9.4000000e+00   5.0000000e-01   3.6716049e+00
44
3 0 1 2
3 0 2 4
3 0 4 16
3 0 16 20
3 0 20 1
3 1 3 2
3 1 5 3
3 1 17 5
3 1 20 21
3 1 21 17
3 2 3 22
3 2 6 4
3 2 18 6
3 2 22 18
3 3 5 7
3 3 7 19
3 3 19 23
3 3 23 22
3 4 6 8
3 4 8 12
3 4 12 16
3 5 9 7
3 5 13 9
3 5 17 13
3 6 10 8
3 6 14 10
3 6 18 14
3 7 9 11
3 7 11 15
3 7 15 19
3 8 10 12
3 9 13 11
3 10 14 12
3 11 13 15
3 12 14 16
3 13 17 15
3 14 18 16
3 15 17 19
3 16 18 20
3 17 21 19
3 18 22 20
3 19 21 23
3 20 22 21
3 21 22 23
